0
47
96
147
200
253
305
355
403
448
487
521
548
567
577
578
569
549
518
476
422
358
283
197
103
0
-110
-225
-343
-464
-584
-703
-816
-923
-1021
-1108
-1181
-1237
-1277
-1296
-1294
-1270
-1222
-1150
-1053
-933
-788
-621
-432
-225
0
239
488
744
1003
1262
1514
1756
1983
2190
2372
2524
2643
2724
2763
2757
2703
2600
2446
2240
1983
1676
1320
920
478
0
-509
-1042
-1593
-2152
-2712
-3263
-3795
-4298
-4763
-5178
-5535
-5821
-6029
-6150
-6173
-6093
-5902
-5595
-5168
-4617
-3941
-3139
-2213
-1165
0
1276
2657
4132
5692
7326
9021
10762
12536
14327
16119
17896
19641
21338
22970
24522
25977
27323
28544
29629
30567
31348
31964
32409
32677
32767
32677
32409
31964
31348
30567
29629
28544
27323
25977
24522
22970
21338
19641
17896
16119
14327
12536
10762
9021
7326
5692
4132
2657
1276
0
-1165
-2213
-3139
-3941
-4617
-5168
-5595
-5902
-6093
-6173
-6150
-6029
-5821
-5535
-5178
-4763
-4298
-3795
-3263
-2712
-2152
-1593
-1042
-509
0
478
920
1320
1676
1983
2240
2446
2600
2703
2757
2763
2724
2643
2524
2372
2190
1983
1756
1514
1262
1003
744
488
239
0
